# time_us id dlc data...   (SimCan TX log = RX script format)
10000 101 2 00 00
30000 101 2 00 00
50000 101 2 00 00
70000 101 2 00 00
90000 101 2 00 00
110000 101 2 00 00
130000 101 2 00 00
150000 101 2 00 00
170000 101 2 00 00
190000 101 2 00 00
210000 101 2 00 00
230000 101 2 1d 00
250000 101 2 3a 00
270000 101 2 57 00
290000 101 2 75 00
310000 101 2 92 00
330000 101 2 af 00
350000 101 2 cd 00
370000 101 2 ea 00
390000 101 2 07 01
410000 101 2 25 01
430000 101 2 42 01
450000 101 2 5f 01
470000 101 2 7c 01
490000 101 2 9a 01
510000 101 2 b7 01
530000 101 2 d4 01
550000 101 2 f2 01
570000 101 2 0f 02
590000 101 2 2c 02
610000 101 2 4a 02
630000 101 2 67 02
650000 101 2 84 02
670000 101 2 a1 02
690000 101 2 bf 02
710000 101 2 dc 02
730000 101 2 f9 02
750000 101 2 17 03
770000 101 2 34 03
790000 101 2 51 03
810000 101 2 6f 03
830000 101 2 8c 03
850000 101 2 a9 03
870000 101 2 c7 03
890000 101 2 e4 03
910000 101 2 01 04
930000 101 2 1e 04
950000 101 2 3c 04
970000 101 2 59 04
990000 101 2 76 04
1010000 101 2 94 04
1030000 101 2 b1 04
1050000 101 2 ce 04
1070000 101 2 ec 04
1090000 101 2 09 05
1110000 101 2 26 05
1130000 101 2 43 05
1150000 101 2 61 05
1170000 101 2 7e 05
1190000 101 2 9b 05
1210000 101 2 b9 05
1230000 101 2 b9 05
1250000 101 2 b9 05
1270000 101 2 b9 05
1290000 101 2 b9 05
1310000 101 2 b9 05
1330000 101 2 b9 05
1350000 101 2 b9 05
1370000 101 2 b9 05
1390000 101 2 b9 05
1410000 101 2 b9 05
1430000 101 2 b9 05
1450000 101 2 b9 05
1470000 101 2 b9 05
1490000 101 2 b9 05
1510000 101 2 b9 05
1530000 101 2 b9 05
1550000 101 2 b9 05
1570000 101 2 b9 05
1590000 101 2 b9 05
1610000 101 2 b9 05
1630000 101 2 b9 05
1650000 101 2 b9 05
1670000 101 2 b9 05
1690000 101 2 b9 05
1710000 101 2 b9 05
1730000 101 2 b9 05
1750000 101 2 b9 05
1770000 101 2 b9 05
1790000 101 2 b9 05
1810000 101 2 b9 05
1830000 101 2 b9 05
1850000 101 2 b9 05
1870000 101 2 b9 05
1890000 101 2 b9 05
1910000 101 2 b9 05
1930000 101 2 b9 05
1950000 101 2 b9 05
1970000 101 2 b9 05
1990000 101 2 b9 05
2010000 101 2 b9 05
2030000 101 2 b9 05
2050000 101 2 b9 05
2070000 101 2 b9 05
2090000 101 2 b9 05
2110000 101 2 b9 05
2130000 101 2 b9 05
2150000 101 2 b9 05
2170000 101 2 b9 05
2190000 101 2 b9 05
2210000 101 2 b9 05
2230000 101 2 b9 05
2250000 101 2 b9 05
2270000 101 2 b9 05
2290000 101 2 b9 05
2310000 101 2 b9 05
2330000 101 2 b9 05
2350000 101 2 b9 05
2370000 101 2 b9 05
2390000 101 2 b9 05
2410000 101 2 b9 05
2430000 101 2 b9 05
2450000 101 2 b9 05
2470000 101 2 b9 05
2490000 101 2 b9 05
2510000 101 2 b9 05
2530000 101 2 b9 05
2550000 101 2 b9 05
2570000 101 2 b9 05
2590000 101 2 b9 05
2610000 101 2 b9 05
2630000 101 2 b9 05
2650000 101 2 b9 05
2670000 101 2 b9 05
2690000 101 2 b9 05
2710000 101 2 b9 05
2730000 101 2 b9 05
2750000 101 2 b9 05
2770000 101 2 b9 05
2790000 101 2 b9 05
2810000 101 2 b9 05
2830000 101 2 b9 05
2850000 101 2 b9 05
2870000 101 2 b9 05
2890000 101 2 b9 05
2910000 101 2 b9 05
2930000 101 2 b9 05
2950000 101 2 b9 05
2970000 101 2 b9 05
2990000 101 2 b9 05
3010000 101 2 b9 05
3030000 101 2 b9 05
3050000 101 2 b9 05
3070000 101 2 b9 05
3090000 101 2 b9 05
3110000 101 2 b9 05
3130000 101 2 b9 05
3150000 101 2 b9 05
3170000 101 2 b9 05
3190000 101 2 b9 05
3210000 101 2 b9 05
3230000 101 2 b9 05
3250000 101 2 b9 05
3270000 101 2 b9 05
3290000 101 2 b9 05
3310000 101 2 b9 05
3330000 101 2 b9 05
3350000 101 2 b9 05
3370000 101 2 b9 05
3390000 101 2 b9 05
3410000 101 2 b9 05
3430000 101 2 b9 05
3450000 101 2 b9 05
3470000 101 2 b9 05
3490000 101 2 b9 05
3510000 101 2 b9 05
3530000 101 2 b9 05
3550000 101 2 b9 05
3570000 101 2 b9 05
3590000 101 2 b9 05
3610000 101 2 b9 05
3630000 101 2 b9 05
3650000 101 2 b9 05
3670000 101 2 b9 05
3690000 101 2 b9 05
3710000 101 2 b9 05
3730000 101 2 b9 05
3750000 101 2 b9 05
3770000 101 2 b9 05
3790000 101 2 b9 05
3810000 101 2 b9 05
3830000 101 2 b9 05
3850000 101 2 b9 05
3870000 101 2 b9 05
3890000 101 2 b9 05
3910000 101 2 b9 05
3930000 101 2 b9 05
3950000 101 2 b9 05
3970000 101 2 b9 05
3990000 101 2 b9 05
