# time_us id dlc data...   (SimCan TX log = RX script format)
10000 201 6 00 00 00 00 00 00
110000 201 6 00 00 00 00 00 00
210000 201 6 00 00 00 00 00 00
310000 201 6 00 00 00 00 00 00
410000 201 6 00 00 00 00 00 00
510000 201 6 01 00 01 00 00 00
610000 201 6 01 00 03 00 00 00
710000 201 6 01 00 04 00 00 00
810000 201 6 01 00 07 00 00 00
910000 201 6 01 00 09 00 00 00
1010000 201 6 01 00 0c 00 00 00
1110000 201 6 01 00 10 00 00 00
1210000 201 6 01 00 13 00 00 00
1310000 201 6 01 00 17 00 00 00
1410000 201 6 01 00 1c 00 00 00
1510000 201 6 02 00 20 00 00 00
1610000 201 6 02 00 24 00 00 00
1710000 201 6 02 00 28 00 00 00
1810000 201 6 02 00 2c 00 00 00
1910000 201 6 02 00 30 00 00 00
2010000 201 6 02 00 34 00 00 00
2110000 201 6 02 00 38 00 00 00
2210000 201 6 02 00 3c 00 00 00
2310000 201 6 02 00 40 00 00 00
2410000 201 6 02 00 44 00 00 00
2510000 201 6 02 00 48 00 00 00
2610000 201 6 02 00 4c 00 00 00
2710000 201 6 02 00 50 00 00 00
2810000 201 6 02 00 54 00 00 00
2910000 201 6 02 00 59 00 00 00
3010000 201 6 02 00 5d 00 00 00
3110000 201 6 00 00 5d 00 00 00
3210000 201 6 00 00 5d 00 00 00
3310000 201 6 00 00 5d 00 00 00
3410000 201 6 00 00 5d 00 00 00
3510000 201 6 00 00 5d 00 00 00
3610000 201 6 02 00 75 00 00 00
3710000 201 6 02 00 79 00 00 00
3810000 201 6 02 00 7d 00 00 00
3910000 201 6 02 00 81 00 00 00
